1.0 -0.06975373552099962 0.0
1.0231957810795722 0.055020182637184556 -0.018414162406196335
1.0231957810795722 0.055020182637185444 -0.01784794295177124
1.0231957810795722 0.055020182637185444 0.0016986583632752792
1.0469296064190359 0.0040199890813306105 0.0010108089010554507
1.0469296064190359 0.0040199890813306105 0.0010108089010554507
1.0469296064190359 0.0040199890813306105 0.0010108089010554507
1.0469296064190359 0.0040199890813306105 0.0010108089010554507
1.0 0.4526330322988754 0.005984301034510087
0.9773300657523252 0.40348113474323033 0.04281709259430445
0.9773300657523252 0.0 0.02046391562159146
1.0 0.048037947201308384 -0.019450903409727438
1.0231957810795722 0.055020182637184556 -0.018414162406196335
1.0469296064190359 0.0040199890813306105 -0.01809267224741345
1.0469296064190359 0.0040199890813306105 0.0010108089010554507
1.0712139563752547 0.00476497289200406 -0.017340495041390246
1.0960616007967174 0.00018499304097074898 -0.016718190257880718
1.0960616007967174 0.00018499304097074898 -0.01641239838955796
1.1214856057385236 0.00022786133253727137 -0.015740241388371698
1.1214856057385236 0.00022786133253727137 -0.015441206169872443
1.1214856057385236 0.00022786133253727137 -0.01514217095137319
1.1214856057385236 0.00022786133253727137 0.0026913169664940805
1.0960616007967174 0.005635055279917367 0.002957101777756205
1.0712139563752547 0.07179013123722111 0.005470124511283731
1.0469296064190359 0.06290342154933382 0.06082491241345103
1.0469296064190359 0.06290342154933382 0.0035144689680444365
1.0712139563752547 0.00476497289200406 0.0019948671683117486
1.0469296064190359 0.06290342154933382 0.0035144689680444365
1.0231957810795722 0.055020182637185444 0.060338462308414734
1.0231957810795722 0.055020182637185444 0.0016986583632752792
1.0231957810795722 0.055020182637185444 0.0016986583632752792
1.0231957810795722 0.055020182637185444 0.0016986583632752792
1.0 0.4526330322988754 0.005984301034510087
0.9551740574234442 0.0 0.0
0.8916743958933626 0.0 0.0
